temps <-
c(-0.64, -0.56, -0.54, -0.65, -0.72, -0.76, -0.75, -0.77, -0.64, 
-0.56, -0.81, -0.68, -0.71, -0.74, -0.75, -0.65, -0.59, -0.55, 
-0.72, -0.6, -0.53, -0.59, -0.71, -0.79, -0.88, -0.72, -0.67, 
-0.84, -0.87, -0.91, -0.86, -0.88, -0.79, -0.78, -0.6, -0.55, 
-0.78, -0.84, -0.7, -0.66, -0.71, -0.65, -0.72, -0.68, -0.72, 
-0.65, -0.54, -0.65, -0.65, -0.8, -0.59, -0.53, -0.61, -0.73, 
-0.58, -0.64, -0.59, -0.47, -0.47, -0.47, -0.36, -0.32, -0.35, 
-0.31, -0.19, -0.32, -0.48, -0.49, -0.53, -0.53, -0.62, -0.51, 
-0.43, -0.36, -0.57, -0.59, -0.64, -0.4, -0.37, -0.41, -0.46, 
-0.39, -0.41, -0.38, -0.64, -0.54, -0.49, -0.46, -0.51, -0.37, 
-0.42, -0.53, -0.43, -0.29, -0.51, -0.46, -0.55, -0.26, -0.37, 
-0.27, -0.17, -0.11, -0.31, -0.14, -0.29, -0.32, -0.25, -0.11, 
-0.03, -0.15, 0, -0.01, -0.21, -0.2, -0.12, 0.02, -0.09, 0.04, 
0.2, -0.02, -0.02, 0.11, 0.19, 0.18, 0.11, 0.25, 0.19, 0.22, 
0.1, 0.2, 0.27, 0.16, 0.19, 0.21, 0.3, 0.43, 0.55)
