nickel <-
structure(c(4.7999999999999998, 4.7999999999999998, 4.5, 4.5, 
4.4000000000000004, 4.2000000000000002, 4.4000000000000004, 4.5, 
5, 4.2000000000000002, 4.7999999999999998, 4.5, 4.4000000000000004, 
4.5999999999999996, 4.2999999999999998, 4.5, 4.7000000000000002, 
4.4000000000000004, 4.5, 4.4000000000000004, 4.5, 4.7000000000000002, 
4.7000000000000002, 4.5999999999999996, 4.4000000000000004, 4.7000000000000002, 
4.7999999999999998, 4.5999999999999996, 4.5, 4.5999999999999996, 
4.2999999999999998, 4.2999999999999998, 4.5, 4.7999999999999998, 
4.5, 4.5999999999999996, 4.4000000000000004, 4.7000000000000002, 
4.5999999999999996, 4.5, 4.7999999999999998, 4.7000000000000002, 
4.5, 4.5999999999999996, 4.7000000000000002, 4.7000000000000002, 
5, 4.7000000000000002, 4.7999999999999998, 4.5999999999999996, 
4.4000000000000004, 4.7999999999999998, 4.9000000000000004, 4.5999999999999996, 
4.2999999999999998, 4.7000000000000002, 4.5999999999999996, 4.7999999999999998, 
4.7999999999999998, 4.9000000000000004, 4.9000000000000004, 4.5999999999999996, 
4.5999999999999996, 4.7999999999999998, 4.9000000000000004, 4.9000000000000004, 
4.7000000000000002, 4.7000000000000002, 4.7000000000000002, 4.7999999999999998, 
4.7000000000000002, 4.9000000000000004, 5.2000000000000002, 4.4000000000000004, 
4.2999999999999998), .Tsp = c(1, 25.666666666666668, 3), class = "ts")
